0.0000000000 0.0000000000 0.0000000000 0.0000000000 0.0000000000 0.0000000000 0.0000000000 0.0000000000 0.0000000000 0.0000000000 0.0000000000 34954.0000000000 6207.0000000000 52.0000000000 0.0000000000 0.0000000000 0.0000000000 0.0000000000 0.0000000000 0.0000000000 0.0000000000 0.0000000000 0.0000000000 0.0000000000
0.0000000000 0.0000000000 0.0000000000 0.0000000000 0.0000000000 0.0000000000 0.0000000000 0.0000000000 0.0000000000 0.0000000000 0.0000000000 51827.0000000000 18807.0000000000 3094.0000000000 3665.0000000000 26.0000000000 0.0000000000 0.0000000000 0.0000000000 0.0000000000 0.0000000000 0.0000000000 0.0000000000 0.0000000000
0.0000000000 0.0000000000 0.0000000000 0.0000000000 0.0000000000 0.0000000000 0.0000000000 0.0000000000 0.0000000000 0.0000000000 45.0000000000 49666.0000000000 21957.0000000000 20326.0000000000 34007.0000000000 4484.0000000000 0.0000000000 0.0000000000 0.0000000000 0.0000000000 0.0000000000 0.0000000000 0.0000000000 0.0000000000
0.0000000000 0.0000000000 0.0000000000 0.0000000000 0.0000000000 0.0000000000 0.0000000000 0.0000000000 0.0000000000 0.0000000000 194.0000000000 53884.0000000000 24006.0000000000 55070.0000000000 87281.0000000000 58265.0000000000 110.0000000000 0.0000000000 0.0000000000 0.0000000000 0.0000000000 0.0000000000 0.0000000000 0.0000000000
0.0000000000 0.0000000000 0.0000000000 0.0000000000 0.0000000000 0.0000000000 0.0000000000 0.0000000000 0.0000000000 0.0000000000 302.0000000000 51878.0000000000 40048.0000000000 84032.0000000000 152753.0000000000 187418.0000000000 18992.0000000000 0.0000000000 0.0000000000 0.0000000000 0.0000000000 0.0000000000 0.0000000000 0.0000000000
0.0000000000 0.0000000000 0.0000000000 0.0000000000 0.0000000000 0.0000000000 0.0000000000 0.0000000000 0.0000000000 0.0000000000 308.0000000000 118651.0000000000 126030.0000000000 145239.0000000000 214162.0000000000 273143.0000000000 141607.0000000000 118.0000000000 0.0000000000 0.0000000000 0.0000000000 0.0000000000 0.0000000000 0.0000000000
0.0000000000 0.0000000000 0.0000000000 0.0000000000 0.0000000000 0.0000000000 0.0000000000 0.0000000000 0.0000000000 0.0000000000 235.0000000000 92346.0000000000 218977.0000000000 261939.0000000000 345065.0000000000 404305.0000000000 278768.0000000000 23808.0000000000 0.0000000000 0.0000000000 0.0000000000 0.0000000000 0.0000000000 0.0000000000
0.0000000000 0.0000000000 0.0000000000 0.0000000000 0.0000000000 0.0000000000 0.0000000000 0.0000000000 0.0000000000 0.0000000000 585.0000000000 39473.0000000000 130817.0000000000 385939.0000000000 513448.0000000000 546557.0000000000 389257.0000000000 133761.0000000000 12.0000000000 0.0000000000 0.0000000000 0.0000000000 0.0000000000 0.0000000000
0.0000000000 0.0000000000 0.0000000000 0.0000000000 0.0000000000 0.0000000000 0.0000000000 0.0000000000 0.0000000000 0.0000000000 856.0000000000 6931.0000000000 115190.0000000000 348784.0000000000 580623.0000000000 692874.0000000000 538631.0000000000 258316.0000000000 9914.0000000000 0.0000000000 0.0000000000 0.0000000000 0.0000000000 0.0000000000
0.0000000000 0.0000000000 0.0000000000 0.0000000000 0.0000000000 0.0000000000 0.0000000000 0.0000000000 0.0000000000 0.0000000000 563.0000000000 5465.0000000000 74197.0000000000 270089.0000000000 564414.0000000000 814513.0000000000 748451.0000000000 388565.0000000000 64640.0000000000 3.0000000000 0.0000000000 0.0000000000 0.0000000000 0.0000000000
0.0000000000 0.0000000000 0.0000000000 0.0000000000 0.0000000000 0.0000000000 0.0000000000 0.0000000000 0.0000000000 0.0000000000 77.0000000000 7336.0000000000 54756.0000000000 212309.0000000000 482398.0000000000 799459.0000000000 929751.0000000000 550565.0000000000 161142.0000000000 2518.0000000000 0.0000000000 0.0000000000 0.0000000000 0.0000000000
0.0000000000 0.0000000000 0.0000000000 0.0000000000 0.0000000000 0.0000000000 0.0000000000 0.0000000000 0.0000000000 0.0000000000 303.0000000000 8157.0000000000 50796.0000000000 185527.0000000000 391642.0000000000 706667.0000000000 932590.0000000000 755250.0000000000 261833.0000000000 15642.0000000000 0.0000000000 0.0000000000 0.0000000000 0.0000000000
0.0000000000 0.0000000000 0.0000000000 0.0000000000 0.0000000000 0.0000000000 0.0000000000 0.0000000000 0.0000000000 0.0000000000 153.0000000000 3846.0000000000 39880.0000000000 174475.0000000000 318736.0000000000 548638.0000000000 843711.0000000000 977965.0000000000 380009.0000000000 32456.0000000000 400.0000000000 0.0000000000 0.0000000000 0.0000000000
0.0000000000 0.0000000000 0.0000000000 0.0000000000 0.0000000000 0.0000000000 0.0000000000 0.0000000000 0.0000000000 0.0000000000 41.0000000000 3367.0000000000 28961.0000000000 152198.0000000000 298547.0000000000 460462.0000000000 768813.0000000000 1115405.0000000000 562062.0000000000 91875.0000000000 481.0000000000 0.0000000000 0.0000000000 0.0000000000
0.0000000000 0.0000000000 0.0000000000 0.0000000000 0.0000000000 0.0000000000 0.0000000000 0.0000000000 0.0000000000 0.0000000000 56.0000000000 2305.0000000000 26386.0000000000 123265.0000000000 257147.0000000000 445251.0000000000 789781.0000000000 1612874.0000000000 776796.0000000000 239.0000000000 0.0000000000 0.0000000000 0.0000000000 0.0000000000
0.0000000000 0.0000000000 0.0000000000 0.0000000000 0.0000000000 0.0000000000 0.0000000000 0.0000000000 0.0000000000 0.0000000000 34.0000000000 1305.0000000000 20848.0000000000 109932.0000000000 264982.0000000000 487593.0000000000 1851310.0000000000 1728596.0000000000 4476.0000000000 0.0000000000 0.0000000000 0.0000000000 0.0000000000 0.0000000000
0.0000000000 0.0000000000 0.0000000000 0.0000000000 0.0000000000 0.0000000000 0.0000000000 0.0000000000 0.0000000000 0.0000000000 30.0000000000 1843.0000000000 25397.0000000000 115689.0000000000 291410.0000000000 1788884.0000000000 1655462.0000000000 6126.0000000000 0.0000000000 0.0000000000 0.0000000000 0.0000000000 0.0000000000 0.0000000000
0.0000000000 0.0000000000 0.0000000000 0.0000000000 0.0000000000 0.0000000000 0.0000000000 0.0000000000 0.0000000000 27.0000000000 271.0000000000 4913.0000000000 42023.0000000000 157908.0000000000 1432888.0000000000 1364121.0000000000 7486.0000000000 0.0000000000 0.0000000000 0.0000000000 0.0000000000 0.0000000000 0.0000000000 0.0000000000
0.0000000000 0.0000000000 0.0000000000 0.0000000000 0.0000000000 0.0000000000 0.0000000000 0.0000000000 0.0000000000 55.0000000000 983.0000000000 12046.0000000000 99070.0000000000 1069996.0000000000 1055188.0000000000 29787.0000000000 0.0000000000 0.0000000000 0.0000000000 0.0000000000 0.0000000000 0.0000000000 0.0000000000 0.0000000000
0.0000000000 0.0000000000 0.0000000000 0.0000000000 0.0000000000 0.0000000000 0.0000000000 0.0000000000 0.0000000000 46.0000000000 4130.0000000000 44393.0000000000 876724.0000000000 789241.0000000000 44335.0000000000 1.0000000000 0.0000000000 0.0000000000 0.0000000000 0.0000000000 0.0000000000 0.0000000000 0.0000000000 0.0000000000
0.0000000000 0.0000000000 0.0000000000 0.0000000000 0.0000000000 0.0000000000 0.0000000000 0.0000000000 0.0000000000 147.0000000000 15821.0000000000 683448.0000000000 733285.0000000000 52931.0000000000 150.0000000000 0.0000000000 0.0000000000 0.0000000000 0.0000000000 0.0000000000 0.0000000000 0.0000000000 0.0000000000 0.0000000000
0.0000000000 0.0000000000 0.0000000000 0.0000000000 0.0000000000 0.0000000000 0.0000000000 0.0000000000 0.0000000000 1861.0000000000 474273.0000000000 808801.0000000000 45373.0000000000 1318.0000000000 0.0000000000 0.0000000000 0.0000000000 0.0000000000 0.0000000000 0.0000000000 0.0000000000 0.0000000000 0.0000000000 0.0000000000
0.0000000000 0.0000000000 0.0000000000 0.0000000000 0.0000000000 0.0000000000 0.0000000000 0.0000000000 3.0000000000 211174.0000000000 1669542.0000000000 111077.0000000000 3806.0000000000 0.0000000000 0.0000000000 0.0000000000 0.0000000000 0.0000000000 0.0000000000 0.0000000000 0.0000000000 0.0000000000 0.0000000000 0.0000000000
0.0000000000 0.0000000000 0.0000000000 0.0000000000 0.0000000000 0.0000000000 0.0000000000 0.0000000000 0.0000000000 486390.0000000000 769025.0000000000 577329.0000000000 21040.0000000000 0.0000000000 0.0000000000 0.0000000000 0.0000000000 0.0000000000 0.0000000000 0.0000000000 0.0000000000 0.0000000000 0.0000000000 0.0000000000
