0.0000000000 0.0000000000 0.0000000000 0.0000000000 0.0000000000 0.0000000000 0.0000000000 0.0000000000 0.0000000000 0.0000000000 14.0000000000 31287.0000000000 9912.0000000000 0.0000000000 0.0000000000 0.0000000000 0.0000000000 0.0000000000 0.0000000000 0.0000000000 0.0000000000 0.0000000000 0.0000000000 0.0000000000
0.0000000000 0.0000000000 0.0000000000 0.0000000000 0.0000000000 0.0000000000 0.0000000000 0.0000000000 0.0000000000 0.0000000000 193.0000000000 50519.0000000000 24371.0000000000 2336.0000000000 0.0000000000 0.0000000000 0.0000000000 0.0000000000 0.0000000000 0.0000000000 0.0000000000 0.0000000000 0.0000000000 0.0000000000
0.0000000000 0.0000000000 0.0000000000 0.0000000000 0.0000000000 0.0000000000 0.0000000000 0.0000000000 0.0000000000 0.0000000000 151.0000000000 43353.0000000000 43170.0000000000 42681.0000000000 1130.0000000000 0.0000000000 0.0000000000 0.0000000000 0.0000000000 0.0000000000 0.0000000000 0.0000000000 0.0000000000 0.0000000000
0.0000000000 0.0000000000 0.0000000000 0.0000000000 0.0000000000 0.0000000000 0.0000000000 0.0000000000 0.0000000000 0.0000000000 188.0000000000 41868.0000000000 73403.0000000000 97896.0000000000 65455.0000000000 0.0000000000 0.0000000000 0.0000000000 0.0000000000 0.0000000000 0.0000000000 0.0000000000 0.0000000000 0.0000000000
0.0000000000 0.0000000000 0.0000000000 0.0000000000 0.0000000000 0.0000000000 0.0000000000 0.0000000000 0.0000000000 0.0000000000 198.0000000000 48255.0000000000 83875.0000000000 144756.0000000000 217933.0000000000 40406.0000000000 0.0000000000 0.0000000000 0.0000000000 0.0000000000 0.0000000000 0.0000000000 0.0000000000 0.0000000000
0.0000000000 0.0000000000 0.0000000000 0.0000000000 0.0000000000 0.0000000000 0.0000000000 0.0000000000 0.0000000000 0.0000000000 130.0000000000 170922.0000000000 149326.0000000000 200174.0000000000 255967.0000000000 242590.0000000000 149.0000000000 0.0000000000 0.0000000000 0.0000000000 0.0000000000 0.0000000000 0.0000000000 0.0000000000
0.0000000000 0.0000000000 0.0000000000 0.0000000000 0.0000000000 0.0000000000 0.0000000000 0.0000000000 0.0000000000 90.0000000000 1021.0000000000 208398.0000000000 238354.0000000000 336924.0000000000 362688.0000000000 366228.0000000000 111740.0000000000 0.0000000000 0.0000000000 0.0000000000 0.0000000000 0.0000000000 0.0000000000 0.0000000000
0.0000000000 0.0000000000 0.0000000000 0.0000000000 0.0000000000 0.0000000000 0.0000000000 0.0000000000 0.0000000000 19.0000000000 4070.0000000000 67101.0000000000 293373.0000000000 511531.0000000000 500331.0000000000 432271.0000000000 327723.0000000000 3430.0000000000 0.0000000000 0.0000000000 0.0000000000 0.0000000000 0.0000000000 0.0000000000
0.0000000000 0.0000000000 0.0000000000 0.0000000000 0.0000000000 0.0000000000 0.0000000000 0.0000000000 0.0000000000 3.0000000000 2700.0000000000 30917.0000000000 271745.0000000000 542840.0000000000 587470.0000000000 546196.0000000000 451199.0000000000 119049.0000000000 0.0000000000 0.0000000000 0.0000000000 0.0000000000 0.0000000000 0.0000000000
0.0000000000 0.0000000000 0.0000000000 0.0000000000 0.0000000000 0.0000000000 0.0000000000 0.0000000000 0.0000000000 0.0000000000 4728.0000000000 25050.0000000000 206130.0000000000 482083.0000000000 654390.0000000000 696414.0000000000 526067.0000000000 336012.0000000000 26.0000000000 0.0000000000 0.0000000000 0.0000000000 0.0000000000 0.0000000000
0.0000000000 0.0000000000 0.0000000000 0.0000000000 0.0000000000 0.0000000000 0.0000000000 0.0000000000 0.0000000000 0.0000000000 4797.0000000000 30343.0000000000 141300.0000000000 385550.0000000000 631951.0000000000 754574.0000000000 632414.0000000000 557537.0000000000 61845.0000000000 0.0000000000 0.0000000000 0.0000000000 0.0000000000 0.0000000000
0.0000000000 0.0000000000 0.0000000000 0.0000000000 0.0000000000 0.0000000000 0.0000000000 0.0000000000 0.0000000000 0.0000000000 2439.0000000000 32420.0000000000 129012.0000000000 297233.0000000000 530858.0000000000 683576.0000000000 703724.0000000000 598723.0000000000 330422.0000000000 0.0000000000 0.0000000000 0.0000000000 0.0000000000 0.0000000000
0.0000000000 0.0000000000 0.0000000000 0.0000000000 0.0000000000 0.0000000000 0.0000000000 0.0000000000 0.0000000000 2.0000000000 1992.0000000000 25308.0000000000 122316.0000000000 236884.0000000000 369647.0000000000 579450.0000000000 686710.0000000000 655889.0000000000 633634.0000000000 8437.0000000000 0.0000000000 0.0000000000 0.0000000000 0.0000000000
0.0000000000 0.0000000000 0.0000000000 0.0000000000 0.0000000000 0.0000000000 0.0000000000 0.0000000000 0.0000000000 34.0000000000 1985.0000000000 19120.0000000000 98570.0000000000 215827.0000000000 273662.0000000000 448289.0000000000 624450.0000000000 732159.0000000000 796803.0000000000 271313.0000000000 0.0000000000 0.0000000000 0.0000000000 0.0000000000
0.0000000000 0.0000000000 0.0000000000 0.0000000000 0.0000000000 0.0000000000 0.0000000000 0.0000000000 0.0000000000 8.0000000000 2076.0000000000 17456.0000000000 65600.0000000000 160883.0000000000 223071.0000000000 350931.0000000000 546341.0000000000 904437.0000000000 1008046.0000000000 755251.0000000000 0.0000000000 0.0000000000 0.0000000000 0.0000000000
0.0000000000 0.0000000000 0.0000000000 0.0000000000 0.0000000000 0.0000000000 0.0000000000 0.0000000000 0.0000000000 0.0000000000 689.0000000000 13303.0000000000 62316.0000000000 121213.0000000000 156212.0000000000 282070.0000000000 559436.0000000000 1015574.0000000000 1054913.0000000000 1203350.0000000000 0.0000000000 0.0000000000 0.0000000000 0.0000000000
0.0000000000 0.0000000000 0.0000000000 0.0000000000 0.0000000000 0.0000000000 0.0000000000 0.0000000000 0.0000000000 0.0000000000 110.0000000000 5239.0000000000 49387.0000000000 75586.0000000000 119943.0000000000 216631.0000000000 468612.0000000000 726052.0000000000 759594.0000000000 1265380.0000000000 198307.0000000000 0.0000000000 0.0000000000 0.0000000000
0.0000000000 0.0000000000 0.0000000000 0.0000000000 0.0000000000 0.0000000000 0.0000000000 0.0000000000 0.0000000000 0.0000000000 50.0000000000 3567.0000000000 24427.0000000000 57879.0000000000 88646.0000000000 158232.0000000000 331884.0000000000 431130.0000000000 533303.0000000000 904948.0000000000 475571.0000000000 0.0000000000 0.0000000000 0.0000000000
0.0000000000 0.0000000000 0.0000000000 0.0000000000 0.0000000000 0.0000000000 0.0000000000 0.0000000000 0.0000000000 0.0000000000 25.0000000000 5545.0000000000 13763.0000000000 37930.0000000000 81044.0000000000 103739.0000000000 197901.0000000000 275031.0000000000 347725.0000000000 626981.0000000000 577441.0000000000 0.0000000000 0.0000000000 0.0000000000
0.0000000000 0.0000000000 0.0000000000 0.0000000000 0.0000000000 0.0000000000 0.0000000000 0.0000000000 0.0000000000 0.0000000000 857.0000000000 10697.0000000000 9086.0000000000 14796.0000000000 37734.0000000000 72419.0000000000 133676.0000000000 171267.0000000000 232482.0000000000 427012.0000000000 633977.0000000000 14867.0000000000 0.0000000000 0.0000000000
0.0000000000 0.0000000000 0.0000000000 0.0000000000 0.0000000000 0.0000000000 0.0000000000 0.0000000000 0.0000000000 0.0000000000 471.0000000000 2435.0000000000 4304.0000000000 10851.0000000000 18006.0000000000 37975.0000000000 68748.0000000000 114875.0000000000 170051.0000000000 321950.0000000000 659600.0000000000 76516.0000000000 0.0000000000 0.0000000000
0.0000000000 0.0000000000 0.0000000000 0.0000000000 0.0000000000 0.0000000000 0.0000000000 0.0000000000 0.0000000000 0.0000000000 7.0000000000 332.0000000000 1492.0000000000 4306.0000000000 10390.0000000000 18619.0000000000 39379.0000000000 84282.0000000000 127725.0000000000 255785.0000000000 655228.0000000000 134081.0000000000 0.0000000000 0.0000000000
0.0000000000 0.0000000000 0.0000000000 0.0000000000 0.0000000000 0.0000000000 0.0000000000 0.0000000000 0.0000000000 0.0000000000 0.0000000000 48.0000000000 1109.0000000000 5003.0000000000 15003.0000000000 43958.0000000000 112139.0000000000 221104.0000000000 321431.0000000000 447164.0000000000 618942.0000000000 198032.0000000000 11669.0000000000 0.0000000000
0.0000000000 0.0000000000 0.0000000000 0.0000000000 0.0000000000 0.0000000000 0.0000000000 0.0000000000 0.0000000000 0.0000000000 0.0000000000 104445.0000000000 192992.0000000000 145771.0000000000 171858.0000000000 191903.0000000000 177835.0000000000 167565.0000000000 209747.0000000000 267030.0000000000 141745.0000000000 63881.0000000000 19012.0000000000 0.0000000000
